a_Gene_ID	miRNA_family_ID	species_ID	MSA_start	MSA_end	UTR_start	UTR_end	Group_num	Site_type	miRNA in this species	Group_type	Species_in_this_group	Species_in_this_group_with_this_site_type	ORF_overlap
FBtr0076573	bantam-3p	28584	147	154	41	48	1	8mer-1a	x	8mer-1a	7217 7220 7227 7238 7240 7245 28584 42026		0
FBtr0076573	bantam-3p	42026	147	154	39	46	1	8mer-1a	x	8mer-1a	7217 7220 7227 7238 7240 7245 28584 42026		0
FBtr0076573	bantam-3p	7217	147	154	39	46	1	8mer-1a	x	8mer-1a	7217 7220 7227 7238 7240 7245 28584 42026		0
FBtr0076573	bantam-3p	7220	147	154	37	44	1	8mer-1a	x	8mer-1a	7217 7220 7227 7238 7240 7245 28584 42026		0
FBtr0076573	bantam-3p	7227	147	154	40	47	1	8mer-1a	x	8mer-1a	7217 7220 7227 7238 7240 7245 28584 42026		0
FBtr0076573	bantam-3p	7238	147	154	40	47	1	8mer-1a	x	8mer-1a	7217 7220 7227 7238 7240 7245 28584 42026		0
FBtr0076573	bantam-3p	7240	147	154	40	47	1	8mer-1a	x	8mer-1a	7217 7220 7227 7238 7240 7245 28584 42026		0
FBtr0076573	bantam-3p	7245	147	154	64	71	1	8mer-1a	x	8mer-1a	7217 7220 7227 7238 7240 7245 28584 42026		0
FBtr0076573	miR-1-3p	42026	663	668	417	422	2	6mer	x	6mer	7217 42026		0
FBtr0076573	miR-1-3p	7217	663	669	430	435	2	6mer	x	6mer	7217 42026		0
FBtr0081151	let-7-5p	1041015	64	72	42	48	3	7mer-m8	x	7mer-m8+8mer-1a	7217 7220 7227 7238 7240 7245 28584 29029 29030 30023 30025 30033 42026 125945 1041015	7217 7220 7227 7238 7240 7245 28584 29029 29030 30023 30025 30033 42026 125945 1041015	0
FBtr0081151	let-7-5p	125945	64	73	48	55	3	8mer-1a	x	7mer-m8+8mer-1a	7217 7220 7227 7238 7240 7245 28584 29029 29030 30023 30025 30033 42026 125945 1041015	7217 7220 7227 7238 7240 7245 28584 29029 29030 30023 30025 30033 42026 125945	0
FBtr0081151	let-7-5p	28584	64	73	48	55	3	8mer-1a	x	7mer-m8+8mer-1a	7217 7220 7227 7238 7240 7245 28584 29029 29030 30023 30025 30033 42026 125945 1041015	7217 7220 7227 7238 7240 7245 28584 29029 29030 30023 30025 30033 42026 125945	0
FBtr0081151	let-7-5p	29029	64	73	42	49	3	8mer-1a	x	7mer-m8+8mer-1a	7217 7220 7227 7238 7240 7245 28584 29029 29030 30023 30025 30033 42026 125945 1041015	7217 7220 7227 7238 7240 7245 28584 29029 29030 30023 30025 30033 42026 125945	0
FBtr0081151	let-7-5p	29030	64	73	32	39	3	8mer-1a	x	7mer-m8+8mer-1a	7217 7220 7227 7238 7240 7245 28584 29029 29030 30023 30025 30033 42026 125945 1041015	7217 7220 7227 7238 7240 7245 28584 29029 29030 30023 30025 30033 42026 125945	0
FBtr0081151	let-7-5p	30023	64	73	48	55	3	8mer-1a	x	7mer-m8+8mer-1a	7217 7220 7227 7238 7240 7245 28584 29029 29030 30023 30025 30033 42026 125945 1041015	7217 7220 7227 7238 7240 7245 28584 29029 29030 30023 30025 30033 42026 125945	0
FBtr0081151	let-7-5p	30025	64	73	45	52	3	8mer-1a	x	7mer-m8+8mer-1a	7217 7220 7227 7238 7240 7245 28584 29029 29030 30023 30025 30033 42026 125945 1041015	7217 7220 7227 7238 7240 7245 28584 29029 29030 30023 30025 30033 42026 125945	0
FBtr0081151	let-7-5p	30033	64	73	37	44	3	8mer-1a	x	7mer-m8+8mer-1a	7217 7220 7227 7238 7240 7245 28584 29029 29030 30023 30025 30033 42026 125945 1041015	7217 7220 7227 7238 7240 7245 28584 29029 29030 30023 30025 30033 42026 125945	0
FBtr0081151	let-7-5p	42026	64	73	25	32	3	8mer-1a	x	7mer-m8+8mer-1a	7217 7220 7227 7238 7240 7245 28584 29029 29030 30023 30025 30033 42026 125945 1041015	7217 7220 7227 7238 7240 7245 28584 29029 29030 30023 30025 30033 42026 125945	0
FBtr0081151	let-7-5p	7217	64	73	33	40	3	8mer-1a	x	7mer-m8+8mer-1a	7217 7220 7227 7238 7240 7245 28584 29029 29030 30023 30025 30033 42026 125945 1041015	7217 7220 7227 7238 7240 7245 28584 29029 29030 30023 30025 30033 42026 125945	0
FBtr0081151	let-7-5p	7220	64	73	47	54	3	8mer-1a	x	7mer-m8+8mer-1a	7217 7220 7227 7238 7240 7245 28584 29029 29030 30023 30025 30033 42026 125945 1041015	7217 7220 7227 7238 7240 7245 28584 29029 29030 30023 30025 30033 42026 125945	0
FBtr0081151	let-7-5p	7227	64	73	46	53	3	8mer-1a	x	7mer-m8+8mer-1a	7217 7220 7227 7238 7240 7245 28584 29029 29030 30023 30025 30033 42026 125945 1041015	7217 7220 7227 7238 7240 7245 28584 29029 29030 30023 30025 30033 42026 125945	0
FBtr0081151	let-7-5p	7238	64	73	46	53	3	8mer-1a	x	7mer-m8+8mer-1a	7217 7220 7227 7238 7240 7245 28584 29029 29030 30023 30025 30033 42026 125945 1041015	7217 7220 7227 7238 7240 7245 28584 29029 29030 30023 30025 30033 42026 125945	0
FBtr0081151	let-7-5p	7240	64	73	46	53	3	8mer-1a	x	7mer-m8+8mer-1a	7217 7220 7227 7238 7240 7245 28584 29029 29030 30023 30025 30033 42026 125945 1041015	7217 7220 7227 7238 7240 7245 28584 29029 29030 30023 30025 30033 42026 125945	0
FBtr0081151	let-7-5p	7245	64	73	47	54	3	8mer-1a	x	7mer-m8+8mer-1a	7217 7220 7227 7238 7240 7245 28584 29029 29030 30023 30025 30033 42026 125945 1041015	7217 7220 7227 7238 7240 7245 28584 29029 29030 30023 30025 30033 42026 125945	0
FBtr0452138	bantam-3p	1041015	5875	5880	4931	4936	4	6mer	x	7mer-m8+6mer	7217 28584 29029 29030 30023 30025 30033 42026 125945 1041015	7217 28584 29029 29030 30023 30025 30033 42026 125945 1041015	1
FBtr0452138	bantam-3p	125945	5875	5880	5038	5043	4	6mer	x	7mer-m8+6mer	7217 28584 29029 29030 30023 30025 30033 42026 125945 1041015	7217 28584 29029 29030 30023 30025 30033 42026 125945 1041015	1
FBtr0452138	bantam-3p	28584	5875	5880	4508	4513	4	6mer	x	7mer-m8+6mer	7217 28584 29029 29030 30023 30025 30033 42026 125945 1041015	7217 28584 29029 29030 30023 30025 30033 42026 125945 1041015	1
FBtr0452138	bantam-3p	29029	5875	5880	5026	5031	4	6mer	x	7mer-m8+6mer	7217 28584 29029 29030 30023 30025 30033 42026 125945 1041015	7217 28584 29029 29030 30023 30025 30033 42026 125945 1041015	1
FBtr0452138	bantam-3p	29030	5875	5880	5062	5067	4	6mer	x	7mer-m8+6mer	7217 28584 29029 29030 30023 30025 30033 42026 125945 1041015	7217 28584 29029 29030 30023 30025 30033 42026 125945 1041015	1
FBtr0452138	bantam-3p	30023	5875	5880	5065	5070	4	6mer	x	7mer-m8+6mer	7217 28584 29029 29030 30023 30025 30033 42026 125945 1041015	7217 28584 29029 29030 30023 30025 30033 42026 125945 1041015	1
FBtr0452138	bantam-3p	30025	5874	5880	4631	4637	4	7mer-m8	x	7mer-m8+6mer	7217 28584 29029 29030 30023 30025 30033 42026 125945 1041015	30025	1
FBtr0452138	bantam-3p	30033	5875	5880	5095	5100	4	6mer	x	7mer-m8+6mer	7217 28584 29029 29030 30023 30025 30033 42026 125945 1041015	7217 28584 29029 29030 30023 30025 30033 42026 125945 1041015	1
FBtr0452138	bantam-3p	42026	5875	5880	5080	5085	4	6mer	x	7mer-m8+6mer	7217 28584 29029 29030 30023 30025 30033 42026 125945 1041015	7217 28584 29029 29030 30023 30025 30033 42026 125945 1041015	1
FBtr0452138	bantam-3p	7217	5875	5880	5095	5100	4	6mer	x	7mer-m8+6mer	7217 28584 29029 29030 30023 30025 30033 42026 125945 1041015	7217 28584 29029 29030 30023 30025 30033 42026 125945 1041015	1
FBtr0452138	bantam-3p	1041015	8125	8134	6590	6596	5	7mer-1a	x	7mer-1a+6mer	28584 29030 30025 1041015	29030 1041015	1
FBtr0452138	bantam-3p	28584	8125	8133	6171	6176	5	6mer	x	7mer-1a+6mer	28584 29030 30025 1041015	28584 29030 30025 1041015	1
FBtr0452138	bantam-3p	29030	8125	8134	6733	6739	5	7mer-1a	x	7mer-1a+6mer	28584 29030 30025 1041015	29030 1041015	1
FBtr0452138	bantam-3p	30025	8125	8133	6309	6314	5	6mer	x	7mer-1a+6mer	28584 29030 30025 1041015	28584 29030 30025 1041015	1
FBtr0452138	bantam-3p	125945	10457	10468	8220	8225	6	6mer	x	6mer	28584 125945		0
FBtr0452138	bantam-3p	28584	10457	10468	6817	6822	6	6mer	x	6mer	28584 125945		0
FBtr0452138	bantam-3p	125945	1131	1136	1015	1020	7	6mer	x	6mer	7220 7227 7238 7240 7245 28584 125945		1
FBtr0452138	bantam-3p	28584	1131	1136	544	549	7	6mer	x	6mer	7220 7227 7238 7240 7245 28584 125945		1
FBtr0452138	bantam-3p	7220	1131	1136	1015	1020	7	6mer	x	6mer	7220 7227 7238 7240 7245 28584 125945		1
FBtr0452138	bantam-3p	7227	1131	1136	1015	1020	7	6mer	x	6mer	7220 7227 7238 7240 7245 28584 125945		1
FBtr0452138	bantam-3p	7238	1131	1136	1013	1018	7	6mer	x	6mer	7220 7227 7238 7240 7245 28584 125945		1
FBtr0452138	bantam-3p	7240	1131	1136	1015	1020	7	6mer	x	6mer	7220 7227 7238 7240 7245 28584 125945		1
FBtr0452138	bantam-3p	7245	1131	1136	1015	1020	7	6mer	x	6mer	7220 7227 7238 7240 7245 28584 125945		1
FBtr0452138	bantam-3p	30025	3197	3202	2466	2471	8	6mer	x	6mer	7222 7230 7244 30025		1
FBtr0452138	bantam-3p	7222	3197	3202	2559	2564	8	6mer	x	6mer	7222 7230 7244 30025		1
FBtr0452138	bantam-3p	7230	3197	3202	2490	2495	8	6mer	x	6mer	7222 7230 7244 30025		1
FBtr0452138	bantam-3p	7244	3197	3202	2475	2480	8	6mer	x	6mer	7222 7230 7244 30025		1
FBtr0452138	bantam-3p	7070	4789	4795	3497	3503	9	7mer-m8	x	7mer-m8	7070 7460		1
FBtr0452138	bantam-3p	7460	4789	4795	3196	3202	9	7mer-m8	x	7mer-m8	7070 7460		1
FBtr0452138	bantam-3p	7165	4695	4700	3897	3902	10	6mer	x	7mer-1a+6mer	7165 7460	7165 7460	1
FBtr0452138	bantam-3p	7460	4695	4701	3103	3109	10	7mer-1a	x	7mer-1a+6mer	7165 7460	7460	1
FBtr0452138	bantam-3p	7220	19380	19395	12227	12232	11	6mer	x	7mer-m8+6mer	7220 7227 7238 7240 7245	7220 7227 7238 7240 7245	0
FBtr0452138	bantam-3p	7227	19379	19395	12285	12291	11	7mer-m8	x	7mer-m8+6mer	7220 7227 7238 7240 7245	7227	0
FBtr0452138	bantam-3p	7238	19380	19395	12139	12144	11	6mer	x	7mer-m8+6mer	7220 7227 7238 7240 7245	7220 7227 7238 7240 7245	0
FBtr0452138	bantam-3p	7240	19380	19395	12111	12116	11	6mer	x	7mer-m8+6mer	7220 7227 7238 7240 7245	7220 7227 7238 7240 7245	0
FBtr0452138	bantam-3p	7245	19380	19395	12510	12515	11	6mer	x	7mer-m8+6mer	7220 7227 7238 7240 7245	7220 7227 7238 7240 7245	0
FBtr0452138	bantam-3p	125945	9079	9084	7356	7361	12	6mer	x	6mer	125945		1
FBtr0452138	bantam-3p	29029	8029	8038	6561	6567	13	7mer-m8	x	7mer-m8	29029		1
FBtr0452138	bantam-3p	30033	17249	17268	11482	11487	14	6mer	x	6mer	30033		0
FBtr0452138	bantam-3p	42026	6511	6517	5636	5642	15	7mer-1a	x	7mer-1a	42026		1
FBtr0452138	bantam-3p	7070	254	259	202	207	16	6mer	x	6mer	7070		1
FBtr0452138	bantam-3p	7165	5398	5403	4479	4484	17	6mer	x	6mer	7165		1
FBtr0452138	bantam-3p	7165	5860	5866	4937	4943	18	7mer-1a	x	7mer-1a	7165		1
FBtr0452138	bantam-3p	7260	2344	2354	1848	1853	19	6mer	x	6mer	7260		1
FBtr0452138	bantam-3p	7291	13355	13381	9506	9513	20	8mer-1a	x	8mer-1a	7291		0
FBtr0452138	bantam-3p	7291	18674	18680	12020	12026	21	7mer-m8	x	7mer-m8	7291		0
FBtr0452138	let-7-5p	1041015	13611	13617	9611	9617	22	7mer-1a	x	7mer-1a	7217 7220 7222 7227 7229 7234 7237 7238 7240 7244 7245 7260 7291 28584 29029 29030 30023 30025 30033 42026 125945 1041015		0
FBtr0452138	let-7-5p	125945	13611	13617	9765	9771	22	7mer-1a	x	7mer-1a	7217 7220 7222 7227 7229 7234 7237 7238 7240 7244 7245 7260 7291 28584 29029 29030 30023 30025 30033 42026 125945 1041015		0
FBtr0452138	let-7-5p	28584	13611	13617	8402	8408	22	7mer-1a	x	7mer-1a	7217 7220 7222 7227 7229 7234 7237 7238 7240 7244 7245 7260 7291 28584 29029 29030 30023 30025 30033 42026 125945 1041015		0
FBtr0452138	let-7-5p	29029	13611	13617	9803	9809	22	7mer-1a	x	7mer-1a	7217 7220 7222 7227 7229 7234 7237 7238 7240 7244 7245 7260 7291 28584 29029 29030 30023 30025 30033 42026 125945 1041015		0
FBtr0452138	let-7-5p	29030	13611	13617	9791	9797	22	7mer-1a	x	7mer-1a	7217 7220 7222 7227 7229 7234 7237 7238 7240 7244 7245 7260 7291 28584 29029 29030 30023 30025 30033 42026 125945 1041015		0
FBtr0452138	let-7-5p	30023	13611	13617	9798	9804	22	7mer-1a	x	7mer-1a	7217 7220 7222 7227 7229 7234 7237 7238 7240 7244 7245 7260 7291 28584 29029 29030 30023 30025 30033 42026 125945 1041015		0
FBtr0452138	let-7-5p	30025	13611	13617	9398	9404	22	7mer-1a	x	7mer-1a	7217 7220 7222 7227 7229 7234 7237 7238 7240 7244 7245 7260 7291 28584 29029 29030 30023 30025 30033 42026 125945 1041015		0
FBtr0452138	let-7-5p	30033	13611	13617	9786	9792	22	7mer-1a	x	7mer-1a	7217 7220 7222 7227 7229 7234 7237 7238 7240 7244 7245 7260 7291 28584 29029 29030 30023 30025 30033 42026 125945 1041015		0
FBtr0452138	let-7-5p	42026	13611	13617	9864	9870	22	7mer-1a	x	7mer-1a	7217 7220 7222 7227 7229 7234 7237 7238 7240 7244 7245 7260 7291 28584 29029 29030 30023 30025 30033 42026 125945 1041015		0
FBtr0452138	let-7-5p	7217	13611	13617	9904	9910	22	7mer-1a	x	7mer-1a	7217 7220 7222 7227 7229 7234 7237 7238 7240 7244 7245 7260 7291 28584 29029 29030 30023 30025 30033 42026 125945 1041015		0
FBtr0452138	let-7-5p	7220	13611	13617	9732	9738	22	7mer-1a	x	7mer-1a	7217 7220 7222 7227 7229 7234 7237 7238 7240 7244 7245 7260 7291 28584 29029 29030 30023 30025 30033 42026 125945 1041015		0
FBtr0452138	let-7-5p	7222	13611	13617	9358	9364	22	7mer-1a	x	7mer-1a	7217 7220 7222 7227 7229 7234 7237 7238 7240 7244 7245 7260 7291 28584 29029 29030 30023 30025 30033 42026 125945 1041015		0
FBtr0452138	let-7-5p	7227	13611	13617	9736	9742	22	7mer-1a	x	7mer-1a	7217 7220 7222 7227 7229 7234 7237 7238 7240 7244 7245 7260 7291 28584 29029 29030 30023 30025 30033 42026 125945 1041015		0
FBtr0452138	let-7-5p	7229	13611	13617	10001	10007	22	7mer-1a	x	7mer-1a	7217 7220 7222 7227 7229 7234 7237 7238 7240 7244 7245 7260 7291 28584 29029 29030 30023 30025 30033 42026 125945 1041015		0
FBtr0452138	let-7-5p	7234	13611	13617	7958	7964	22	7mer-1a	x	7mer-1a	7217 7220 7222 7227 7229 7234 7237 7238 7240 7244 7245 7260 7291 28584 29029 29030 30023 30025 30033 42026 125945 1041015		0
FBtr0452138	let-7-5p	7237	13611	13617	9975	9981	22	7mer-1a	x	7mer-1a	7217 7220 7222 7227 7229 7234 7237 7238 7240 7244 7245 7260 7291 28584 29029 29030 30023 30025 30033 42026 125945 1041015		0
FBtr0452138	let-7-5p	7238	13611	13617	9685	9691	22	7mer-1a	x	7mer-1a	7217 7220 7222 7227 7229 7234 7237 7238 7240 7244 7245 7260 7291 28584 29029 29030 30023 30025 30033 42026 125945 1041015		0
FBtr0452138	let-7-5p	7240	13611	13617	9583	9589	22	7mer-1a	x	7mer-1a	7217 7220 7222 7227 7229 7234 7237 7238 7240 7244 7245 7260 7291 28584 29029 29030 30023 30025 30033 42026 125945 1041015		0
FBtr0452138	let-7-5p	7244	13611	13617	9436	9442	22	7mer-1a	x	7mer-1a	7217 7220 7222 7227 7229 7234 7237 7238 7240 7244 7245 7260 7291 28584 29029 29030 30023 30025 30033 42026 125945 1041015		0
FBtr0452138	let-7-5p	7245	13611	13617	9900	9906	22	7mer-1a	x	7mer-1a	7217 7220 7222 7227 7229 7234 7237 7238 7240 7244 7245 7260 7291 28584 29029 29030 30023 30025 30033 42026 125945 1041015		0
FBtr0452138	let-7-5p	7260	13611	13617	9824	9830	22	7mer-1a	x	7mer-1a	7217 7220 7222 7227 7229 7234 7237 7238 7240 7244 7245 7260 7291 28584 29029 29030 30023 30025 30033 42026 125945 1041015		0
FBtr0452138	let-7-5p	7291	13611	13617	9617	9623	22	7mer-1a	x	7mer-1a	7217 7220 7222 7227 7229 7234 7237 7238 7240 7244 7245 7260 7291 28584 29029 29030 30023 30025 30033 42026 125945 1041015		0
FBtr0452138	let-7-5p	7070	448	453	396	401	23	6mer	x	6mer	7070 7460		1
FBtr0452138	let-7-5p	7460	448	453	346	351	23	6mer	x	6mer	7070 7460		1
FBtr0452138	let-7-5p	7222	17757	17770	11410	11416	24	7mer-1a	x	7mer-1a+6mer	7222 7244	7222	0
FBtr0452138	let-7-5p	7244	17757	17762	11470	11475	24	6mer	x	7mer-1a+6mer	7222 7244	7222 7244	0
FBtr0452138	let-7-5p	7229	20328	20333	13465	13470	25	6mer	x	6mer	7229 7234 7237		0
FBtr0452138	let-7-5p	7234	20328	20333	11335	11340	25	6mer	x	6mer	7229 7234 7237		0
FBtr0452138	let-7-5p	7237	20328	20333	13462	13467	25	6mer	x	6mer	7229 7234 7237		0
FBtr0452138	let-7-5p	7070	4366	4371	3079	3084	26	6mer	x	6mer	7070		1
FBtr0452138	let-7-5p	7070	4623	4628	3333	3338	27	6mer	x	6mer	7070		1
FBtr0452138	let-7-5p	7165	9322	9327	6508	6513	28	6mer	x	6mer	7165		1
FBtr0452138	let-7-5p	7165	9757	9762	6796	6801	29	6mer	x	6mer	7165		1
FBtr0452138	let-7-5p	7222	17750	17756	11403	11409	30	7mer-1a	x	7mer-1a	7222		0
FBtr0452138	let-7-5p	7260	1605	1611	1360	1366	31	7mer-1a	x	7mer-1a	7260		1
FBtr0452138	let-7-5p	7260	6623	6629	5846	5852	32	7mer-m8	x	7mer-m8	7260		1
FBtr0452138	let-7-5p	7370	8361	8366	6730	6735	33	6mer	x	6mer	7370		1
FBtr0452138	miR-1-3p	1041015	2161	2169	1678	1683	34	6mer	x	6mer	7238 7240 1041015		1
FBtr0452138	miR-1-3p	7238	2161	2169	1676	1681	34	6mer	x	6mer	7238 7240 1041015		1
FBtr0452138	miR-1-3p	7240	2161	2169	1678	1683	34	6mer	x	6mer	7238 7240 1041015		1
FBtr0452138	miR-1-3p	1041015	5299	5305	4355	4361	35	7mer-m8	x	7mer-m8	7165 7217 7220 7227 7229 7234 7237 7238 7240 7245 7260 7460 28584 29029 29030 30023 30025 30033 42026 125945 1041015		1
FBtr0452138	miR-1-3p	125945	5299	5305	4462	4468	35	7mer-m8	x	7mer-m8	7165 7217 7220 7227 7229 7234 7237 7238 7240 7245 7260 7460 28584 29029 29030 30023 30025 30033 42026 125945 1041015		1
FBtr0452138	miR-1-3p	28584	5299	5305	3932	3938	35	7mer-m8	x	7mer-m8	7165 7217 7220 7227 7229 7234 7237 7238 7240 7245 7260 7460 28584 29029 29030 30023 30025 30033 42026 125945 1041015		1
FBtr0452138	miR-1-3p	29029	5299	5305	4450	4456	35	7mer-m8	x	7mer-m8	7165 7217 7220 7227 7229 7234 7237 7238 7240 7245 7260 7460 28584 29029 29030 30023 30025 30033 42026 125945 1041015		1
FBtr0452138	miR-1-3p	29030	5299	5305	4486	4492	35	7mer-m8	x	7mer-m8	7165 7217 7220 7227 7229 7234 7237 7238 7240 7245 7260 7460 28584 29029 29030 30023 30025 30033 42026 125945 1041015		1
FBtr0452138	miR-1-3p	30023	5299	5305	4489	4495	35	7mer-m8	x	7mer-m8	7165 7217 7220 7227 7229 7234 7237 7238 7240 7245 7260 7460 28584 29029 29030 30023 30025 30033 42026 125945 1041015		1
FBtr0452138	miR-1-3p	30025	5299	5305	4056	4062	35	7mer-m8	x	7mer-m8	7165 7217 7220 7227 7229 7234 7237 7238 7240 7245 7260 7460 28584 29029 29030 30023 30025 30033 42026 125945 1041015		1
FBtr0452138	miR-1-3p	30033	5299	5305	4519	4525	35	7mer-m8	x	7mer-m8	7165 7217 7220 7227 7229 7234 7237 7238 7240 7245 7260 7460 28584 29029 29030 30023 30025 30033 42026 125945 1041015		1
FBtr0452138	miR-1-3p	42026	5299	5305	4504	4510	35	7mer-m8	x	7mer-m8	7165 7217 7220 7227 7229 7234 7237 7238 7240 7245 7260 7460 28584 29029 29030 30023 30025 30033 42026 125945 1041015		1
FBtr0452138	miR-1-3p	7165	5299	5305	4380	4386	35	7mer-m8	x	7mer-m8	7165 7217 7220 7227 7229 7234 7237 7238 7240 7245 7260 7460 28584 29029 29030 30023 30025 30033 42026 125945 1041015		1
FBtr0452138	miR-1-3p	7217	5299	5305	4519	4525	35	7mer-m8	x	7mer-m8	7165 7217 7220 7227 7229 7234 7237 7238 7240 7245 7260 7460 28584 29029 29030 30023 30025 30033 42026 125945 1041015		1
FBtr0452138	miR-1-3p	7220	5299	5305	4468	4474	35	7mer-m8	x	7mer-m8	7165 7217 7220 7227 7229 7234 7237 7238 7240 7245 7260 7460 28584 29029 29030 30023 30025 30033 42026 125945 1041015		1
FBtr0452138	miR-1-3p	7227	5299	5305	4459	4465	35	7mer-m8	x	7mer-m8	7165 7217 7220 7227 7229 7234 7237 7238 7240 7245 7260 7460 28584 29029 29030 30023 30025 30033 42026 125945 1041015		1
FBtr0452138	miR-1-3p	7229	5299	5305	4531	4537	35	7mer-m8	x	7mer-m8	7165 7217 7220 7227 7229 7234 7237 7238 7240 7245 7260 7460 28584 29029 29030 30023 30025 30033 42026 125945 1041015		1
FBtr0452138	miR-1-3p	7234	5299	5305	4336	4342	35	7mer-m8	x	7mer-m8	7165 7217 7220 7227 7229 7234 7237 7238 7240 7245 7260 7460 28584 29029 29030 30023 30025 30033 42026 125945 1041015		1
FBtr0452138	miR-1-3p	7237	5299	5305	4525	4531	35	7mer-m8	x	7mer-m8	7165 7217 7220 7227 7229 7234 7237 7238 7240 7245 7260 7460 28584 29029 29030 30023 30025 30033 42026 125945 1041015		1
FBtr0452138	miR-1-3p	7238	5299	5305	4457	4463	35	7mer-m8	x	7mer-m8	7165 7217 7220 7227 7229 7234 7237 7238 7240 7245 7260 7460 28584 29029 29030 30023 30025 30033 42026 125945 1041015		1
FBtr0452138	miR-1-3p	7240	5299	5305	4315	4321	35	7mer-m8	x	7mer-m8	7165 7217 7220 7227 7229 7234 7237 7238 7240 7245 7260 7460 28584 29029 29030 30023 30025 30033 42026 125945 1041015		1
FBtr0452138	miR-1-3p	7245	5299	5305	4480	4486	35	7mer-m8	x	7mer-m8	7165 7217 7220 7227 7229 7234 7237 7238 7240 7245 7260 7460 28584 29029 29030 30023 30025 30033 42026 125945 1041015		1
FBtr0452138	miR-1-3p	7260	5299	5305	4601	4607	35	7mer-m8	x	7mer-m8	7165 7217 7220 7227 7229 7234 7237 7238 7240 7245 7260 7460 28584 29029 29030 30023 30025 30033 42026 125945 1041015		1
FBtr0452138	miR-1-3p	7460	5299	5305	3421	3427	35	7mer-m8	x	7mer-m8	7165 7217 7220 7227 7229 7234 7237 7238 7240 7245 7260 7460 28584 29029 29030 30023 30025 30033 42026 125945 1041015		1
FBtr0452138	miR-1-3p	1041015	5356	5363	4412	4419	36	8mer-1a	x	8mer-1a	7165 7217 7220 7222 7227 7229 7234 7237 7238 7240 7244 7245 7260 7291 7370 28584 29029 29030 30023 30025 30033 42026 125945 1041015		1
FBtr0452138	miR-1-3p	125945	5356	5363	4519	4526	36	8mer-1a	x	8mer-1a	7165 7217 7220 7222 7227 7229 7234 7237 7238 7240 7244 7245 7260 7291 7370 28584 29029 29030 30023 30025 30033 42026 125945 1041015		1
FBtr0452138	miR-1-3p	28584	5356	5363	3989	3996	36	8mer-1a	x	8mer-1a	7165 7217 7220 7222 7227 7229 7234 7237 7238 7240 7244 7245 7260 7291 7370 28584 29029 29030 30023 30025 30033 42026 125945 1041015		1
FBtr0452138	miR-1-3p	29029	5356	5363	4507	4514	36	8mer-1a	x	8mer-1a	7165 7217 7220 7222 7227 7229 7234 7237 7238 7240 7244 7245 7260 7291 7370 28584 29029 29030 30023 30025 30033 42026 125945 1041015		1
FBtr0452138	miR-1-3p	29030	5356	5363	4543	4550	36	8mer-1a	x	8mer-1a	7165 7217 7220 7222 7227 7229 7234 7237 7238 7240 7244 7245 7260 7291 7370 28584 29029 29030 30023 30025 30033 42026 125945 1041015		1
FBtr0452138	miR-1-3p	30023	5356	5363	4546	4553	36	8mer-1a	x	8mer-1a	7165 7217 7220 7222 7227 7229 7234 7237 7238 7240 7244 7245 7260 7291 7370 28584 29029 29030 30023 30025 30033 42026 125945 1041015		1
FBtr0452138	miR-1-3p	30025	5356	5363	4113	4120	36	8mer-1a	x	8mer-1a	7165 7217 7220 7222 7227 7229 7234 7237 7238 7240 7244 7245 7260 7291 7370 28584 29029 29030 30023 30025 30033 42026 125945 1041015		1
FBtr0452138	miR-1-3p	30033	5356	5363	4576	4583	36	8mer-1a	x	8mer-1a	7165 7217 7220 7222 7227 7229 7234 7237 7238 7240 7244 7245 7260 7291 7370 28584 29029 29030 30023 30025 30033 42026 125945 1041015		1
FBtr0452138	miR-1-3p	42026	5356	5363	4561	4568	36	8mer-1a	x	8mer-1a	7165 7217 7220 7222 7227 7229 7234 7237 7238 7240 7244 7245 7260 7291 7370 28584 29029 29030 30023 30025 30033 42026 125945 1041015		1
FBtr0452138	miR-1-3p	7165	5356	5363	4437	4444	36	8mer-1a	x	8mer-1a	7165 7217 7220 7222 7227 7229 7234 7237 7238 7240 7244 7245 7260 7291 7370 28584 29029 29030 30023 30025 30033 42026 125945 1041015		1
FBtr0452138	miR-1-3p	7217	5356	5363	4576	4583	36	8mer-1a	x	8mer-1a	7165 7217 7220 7222 7227 7229 7234 7237 7238 7240 7244 7245 7260 7291 7370 28584 29029 29030 30023 30025 30033 42026 125945 1041015		1
FBtr0452138	miR-1-3p	7220	5356	5363	4525	4532	36	8mer-1a	x	8mer-1a	7165 7217 7220 7222 7227 7229 7234 7237 7238 7240 7244 7245 7260 7291 7370 28584 29029 29030 30023 30025 30033 42026 125945 1041015		1
FBtr0452138	miR-1-3p	7222	5356	5363	4486	4493	36	8mer-1a	x	8mer-1a	7165 7217 7220 7222 7227 7229 7234 7237 7238 7240 7244 7245 7260 7291 7370 28584 29029 29030 30023 30025 30033 42026 125945 1041015		1
FBtr0452138	miR-1-3p	7227	5356	5363	4516	4523	36	8mer-1a	x	8mer-1a	7165 7217 7220 7222 7227 7229 7234 7237 7238 7240 7244 7245 7260 7291 7370 28584 29029 29030 30023 30025 30033 42026 125945 1041015		1
FBtr0452138	miR-1-3p	7229	5356	5363	4588	4595	36	8mer-1a	x	8mer-1a	7165 7217 7220 7222 7227 7229 7234 7237 7238 7240 7244 7245 7260 7291 7370 28584 29029 29030 30023 30025 30033 42026 125945 1041015		1
FBtr0452138	miR-1-3p	7234	5356	5363	4393	4400	36	8mer-1a	x	8mer-1a	7165 7217 7220 7222 7227 7229 7234 7237 7238 7240 7244 7245 7260 7291 7370 28584 29029 29030 30023 30025 30033 42026 125945 1041015		1
FBtr0452138	miR-1-3p	7237	5356	5363	4582	4589	36	8mer-1a	x	8mer-1a	7165 7217 7220 7222 7227 7229 7234 7237 7238 7240 7244 7245 7260 7291 7370 28584 29029 29030 30023 30025 30033 42026 125945 1041015		1
FBtr0452138	miR-1-3p	7238	5356	5363	4514	4521	36	8mer-1a	x	8mer-1a	7165 7217 7220 7222 7227 7229 7234 7237 7238 7240 7244 7245 7260 7291 7370 28584 29029 29030 30023 30025 30033 42026 125945 1041015		1
FBtr0452138	miR-1-3p	7240	5356	5363	4372	4379	36	8mer-1a	x	8mer-1a	7165 7217 7220 7222 7227 7229 7234 7237 7238 7240 7244 7245 7260 7291 7370 28584 29029 29030 30023 30025 30033 42026 125945 1041015		1
FBtr0452138	miR-1-3p	7244	5356	5363	4390	4397	36	8mer-1a	x	8mer-1a	7165 7217 7220 7222 7227 7229 7234 7237 7238 7240 7244 7245 7260 7291 7370 28584 29029 29030 30023 30025 30033 42026 125945 1041015		1
FBtr0452138	miR-1-3p	7245	5356	5363	4537	4544	36	8mer-1a	x	8mer-1a	7165 7217 7220 7222 7227 7229 7234 7237 7238 7240 7244 7245 7260 7291 7370 28584 29029 29030 30023 30025 30033 42026 125945 1041015		1
FBtr0452138	miR-1-3p	7260	5356	5363	4658	4665	36	8mer-1a	x	8mer-1a	7165 7217 7220 7222 7227 7229 7234 7237 7238 7240 7244 7245 7260 7291 7370 28584 29029 29030 30023 30025 30033 42026 125945 1041015		1
FBtr0452138	miR-1-3p	7291	5356	5363	4522	4529	36	8mer-1a	x	8mer-1a	7165 7217 7220 7222 7227 7229 7234 7237 7238 7240 7244 7245 7260 7291 7370 28584 29029 29030 30023 30025 30033 42026 125945 1041015		1
FBtr0452138	miR-1-3p	7370	5356	5363	4525	4532	36	8mer-1a	x	8mer-1a	7165 7217 7220 7222 7227 7229 7234 7237 7238 7240 7244 7245 7260 7291 7370 28584 29029 29030 30023 30025 30033 42026 125945 1041015		1
FBtr0452138	miR-1-3p	1041015	7587	7595	6221	6226	37	6mer	x	6mer	30033 1041015		1
FBtr0452138	miR-1-3p	30033	7587	7595	6403	6408	37	6mer	x	6mer	30033 1041015		1
FBtr0452138	miR-1-3p	125945	12869	12877	9339	9346	38	8mer-1a	x	8mer-1a	7220 7227 7238 7240 7245 28584 29030 125945		0
FBtr0452138	miR-1-3p	28584	12869	12877	7971	7978	38	8mer-1a	x	8mer-1a	7220 7227 7238 7240 7245 28584 29030 125945		0
FBtr0452138	miR-1-3p	29030	12869	12877	9340	9347	38	8mer-1a	x	8mer-1a	7220 7227 7238 7240 7245 28584 29030 125945		0
FBtr0452138	miR-1-3p	7220	12869	12877	9296	9303	38	8mer-1a	x	8mer-1a	7220 7227 7238 7240 7245 28584 29030 125945		0
FBtr0452138	miR-1-3p	7227	12869	12877	9312	9319	38	8mer-1a	x	8mer-1a	7220 7227 7238 7240 7245 28584 29030 125945		0
FBtr0452138	miR-1-3p	7238	12869	12877	9262	9269	38	8mer-1a	x	8mer-1a	7220 7227 7238 7240 7245 28584 29030 125945		0
FBtr0452138	miR-1-3p	7240	12869	12877	9160	9167	38	8mer-1a	x	8mer-1a	7220 7227 7238 7240 7245 28584 29030 125945		0
FBtr0452138	miR-1-3p	7245	12869	12877	9461	9468	38	8mer-1a	x	8mer-1a	7220 7227 7238 7240 7245 28584 29030 125945		0
FBtr0452138	miR-1-3p	125945	13459	13482	9675	9681	39	7mer-1a	x	7mer-1a+8mer-1a	7220 7227 7238 7240 7245 28584 29029 29030 125945	7220 7227 7238 7240 7245 28584 29029 29030 125945	0
FBtr0452138	miR-1-3p	28584	13458	13482	8311	8318	39	8mer-1a	x	7mer-1a+8mer-1a	7220 7227 7238 7240 7245 28584 29029 29030 125945	7220 7227 7238 7240 7245 28584 29029	0
FBtr0452138	miR-1-3p	29029	13458	13482	9705	9712	39	8mer-1a	x	7mer-1a+8mer-1a	7220 7227 7238 7240 7245 28584 29029 29030 125945	7220 7227 7238 7240 7245 28584 29029	0
FBtr0452138	miR-1-3p	29030	13465	13482	9692	9698	39	7mer-1a	x	7mer-1a+8mer-1a	7220 7227 7238 7240 7245 28584 29029 29030 125945	7220 7227 7238 7240 7245 28584 29029 29030 125945	0
FBtr0452138	miR-1-3p	7220	13458	13482	9640	9647	39	8mer-1a	x	7mer-1a+8mer-1a	7220 7227 7238 7240 7245 28584 29029 29030 125945	7220 7227 7238 7240 7245 28584 29029	0
FBtr0452138	miR-1-3p	7227	13458	13482	9644	9651	39	8mer-1a	x	7mer-1a+8mer-1a	7220 7227 7238 7240 7245 28584 29029 29030 125945	7220 7227 7238 7240 7245 28584 29029	0
FBtr0452138	miR-1-3p	7238	13458	13482	9593	9600	39	8mer-1a	x	7mer-1a+8mer-1a	7220 7227 7238 7240 7245 28584 29029 29030 125945	7220 7227 7238 7240 7245 28584 29029	0
FBtr0452138	miR-1-3p	7240	13458	13482	9491	9498	39	8mer-1a	x	7mer-1a+8mer-1a	7220 7227 7238 7240 7245 28584 29029 29030 125945	7220 7227 7238 7240 7245 28584 29029	0
FBtr0452138	miR-1-3p	7245	13458	13482	9804	9811	39	8mer-1a	x	7mer-1a+8mer-1a	7220 7227 7238 7240 7245 28584 29029 29030 125945	7220 7227 7238 7240 7245 28584 29029	0
FBtr0452138	miR-1-3p	42026	6087	6092	5292	5297	40	6mer	x	6mer	7070 7217 42026		1
FBtr0452138	miR-1-3p	7070	6087	6092	4511	4516	40	6mer	x	6mer	7070 7217 42026		1
FBtr0452138	miR-1-3p	7217	6087	6092	5307	5312	40	6mer	x	6mer	7070 7217 42026		1
FBtr0452138	miR-1-3p	7222	4010	4016	3239	3245	41	7mer-1a	x	7mer-1a	7222 7260		1
FBtr0452138	miR-1-3p	7260	4010	4016	3393	3399	41	7mer-1a	x	7mer-1a	7222 7260		1
FBtr0452138	miR-1-3p	7222	6290	6295	5369	5374	42	6mer	x	6mer	7222 7244 7291 7370		1
FBtr0452138	miR-1-3p	7244	6290	6295	5273	5278	42	6mer	x	6mer	7222 7244 7291 7370		1
FBtr0452138	miR-1-3p	7291	6290	6295	5405	5410	42	6mer	x	6mer	7222 7244 7291 7370		1
FBtr0452138	miR-1-3p	7370	6290	6295	5408	5413	42	6mer	x	6mer	7222 7244 7291 7370		1
FBtr0452138	miR-1-3p	7227	11169	11191	8534	8539	43	6mer	x	6mer	7227 7238 7240		0
FBtr0452138	miR-1-3p	7238	11169	11191	8521	8526	43	6mer	x	6mer	7227 7238 7240		0
FBtr0452138	miR-1-3p	7240	11169	11191	8384	8389	43	6mer	x	6mer	7227 7238 7240		0
FBtr0452138	miR-1-3p	7227	6397	6402	5497	5502	44	6mer	x	6mer	7227 7238		1
FBtr0452138	miR-1-3p	7238	6397	6402	5495	5500	44	6mer	x	6mer	7227 7238		1
FBtr0452138	miR-1-3p	7229	18159	18164	12261	12266	45	6mer	x	6mer	7229 7237		0
FBtr0452138	miR-1-3p	7237	18159	18164	12255	12260	45	6mer	x	6mer	7229 7237		0
FBtr0452138	miR-1-3p	7260	5471	5476	4773	4778	46	6mer	x	6mer	7260 7370		1
FBtr0452138	miR-1-3p	7370	5471	5476	4640	4645	46	6mer	x	6mer	7260 7370		1
FBtr0452138	miR-1-3p	28584	15725	15732	9306	9311	47	6mer	x	6mer	28584		0
FBtr0452138	miR-1-3p	30033	18033	18039	11883	11889	48	7mer-1a	x	7mer-1a	30033		0
FBtr0452138	miR-1-3p	30033	7632	7637	6421	6426	49	6mer	x	6mer	30033		1
FBtr0452138	miR-1-3p	7070	5610	5616	4036	4042	50	7mer-m8	x	7mer-m8	7070		1
FBtr0452138	miR-1-3p	7217	14383	14388	10206	10211	51	6mer	x	6mer	7217		0
FBtr0452138	miR-1-3p	7222	16604	16620	10801	10807	52	7mer-m8	x	7mer-m8	7222		0
FBtr0452138	miR-1-3p	7234	17983	17988	10226	10231	53	6mer	x	6mer	7234		0
FBtr0452138	miR-1-3p	7245	7638	7643	6391	6396	54	6mer	x	6mer	7245		1
FBtr0452138	miR-1-3p	7260	7575	7580	6485	6490	55	6mer	x	6mer	7260		1
FBtr0452138	miR-1-3p	7260	8874	8881	7474	7481	56	8mer-1a	x	8mer-1a	7260		1
FBtr0452138	miR-1-3p	7370	177	182	167	172	57	6mer	x	6mer	7370		1
FBtr0452138	miR-1-3p	7370	6627	6635	5690	5696	58	7mer-1a	x	7mer-1a	7370		1
FBtr0452138	miR-1-3p	7460	5147	5152	3274	3279	59	6mer	x	6mer	7460		1
FBtr0452138	miR-79-5p	7227	10603	10610	8254	8260	60	7mer-1a	x	7mer-1a	7227 7244		0
FBtr0452138	miR-79-5p	7244	10603	10610	8174	8180	60	7mer-1a	x	7mer-1a	7227 7244		0
FBtr0452138	miR-79-5p	7227	15730	15736	10622	10628	61	7mer-1a	x	7mer-1a	7227		0
FBtr0452138	miR-79-5p	7227	17651	17663	11500	11506	62	7mer-m8	x	7mer-m8	7227		0
FBtr0452138	miR-79-5p	7227	21568	21577	13433	13438	63	6mer	x	6mer	7227		0
FBtr0452138	miR-79-5p	7227	8552	8557	6968	6973	64	6mer	x	6mer	7227		1
FBtr0452138	miR-79-5p	7244	16623	16633	10829	10835	65	7mer-m8	x	7mer-m8	7244		0
FBtr0452138	miR-79-5p	7244	2556	2561	1908	1913	66	6mer	x	6mer	7244		1
FBtr0452138	miR-79-5p	7244	3934	3939	3211	3216	67	6mer	x	6mer	7244		1
FBtr0452138	miR-79-5p	7244	6530	6537	5469	5476	68	8mer-1a	x	8mer-1a	7244		1
FBtr0100244	bantam-3p	29029	354	359	244	249	69	6mer	x	6mer	29029 29030 30033		1
FBtr0100244	bantam-3p	29030	354	359	227	232	69	6mer	x	6mer	29029 29030 30033		1
FBtr0100244	bantam-3p	30033	354	359	227	232	69	6mer	x	6mer	29029 29030 30033		1
FBtr0100244	bantam-3p	7222	427	432	198	203	70	6mer	x	6mer	7222 7230		1
FBtr0100244	bantam-3p	7230	427	432	246	251	70	6mer	x	6mer	7222 7230		1
FBtr0100244	bantam-3p	30023	170	186	123	128	71	6mer	x	6mer	30023		1
FBtr0100244	miR-1-3p	30023	914	922	591	596	72	6mer	x	6mer	7230 30023 30025		1
FBtr0100244	miR-1-3p	30025	914	922	574	579	72	6mer	x	6mer	7230 30023 30025		1
FBtr0100244	miR-1-3p	7230	914	922	536	541	72	6mer	x	6mer	7230 30023 30025		1
FBtr0100244	miR-1-3p	7222	462	485	209	214	73	6mer	x	6mer	7222		1
FBtr0100244	miR-79-5p	7227	334	355	246	253	74	8mer-1a	x	8mer-1a	7227		1
FBtr0100244	miR-79-5p	7227	684	691	460	467	75	8mer-1a	x	8mer-1a	7227		1
FBtr0100244	miR-79-5p	7227	822	827	541	546	76	6mer	x	6mer	7227		1
FBtr0100244	miR-79-5p	7244	187	274	107	113	77	7mer-m8	x	7mer-m8	7244		1
